SubsDesc(A,b)

>> A

A =

     1     2     3
     0     5     6
     0     0     9

>> b

b =

     5
     8
     9